DATE,USD,EUR,KZT,UAH,BYR
2003-01,31.78,33.27,0.2,5.94,0.02
2003-02,31.83,34.43,0.21,5.94,0.02
2003-03,31.57,33.94,0.21,5.89,0.02
2003-04,31.38,33.98,0.21,5.85,0.02
2003-05,31.1,34.55,0.2,5.77,0.02
2003-06,30.64,35.91,0.2,5.62,0.01
2003-07,30.38,34.72,0.21,5.65,0.01
2003-08,30.28,34.34,0.21,5.65,0.01
2003-09,30.55,33.63,0.21,5.68,0.01
2003-10,30.61,35.6,0.21,5.68,0.01
2003-11,29.95,34.8,0.2,5.55,0.01
2003-12,29.7,35.66,0.2,5.51,0.01
2004-01,29.45,37.1,0.21,5.47,0.01
2004-02,28.53,35.53,0.2,5.28,0.01
2004-03,28.52,35.76,0.2,5.3,0.01
2004-04,28.52,34.91,0.21,5.29,0.01
2004-05,28.96,34.63,0.21,5.4,0.01
2004-06,29.0,35.39,0.21,5.43,0.01
2004-07,29.05,35.09,0.21,5.44,0.01
2004-08,29.14,35.16,0.21,5.46,0.01
2004-09,29.26,35.37,0.21,5.47,0.01
2004-10,29.22,36.03,0.22,5.43,0.01
2004-11,28.77,36.78,0.22,5.35,0.01
2004-12,28.15,37.33,0.22,5.26,0.01
2005-01,27.75,37.84,0.21,5.12,0.01
2005-02,28.11,36.59,0.22,5.28,0.01
2005-03,27.7,36.72,0.21,5.23,0.01
2005-04,27.85,36.03,0.21,5.32,0.01
2005-05,27.84,35.76,0.21,5.48,0.01
2005-06,28.19,34.91,0.21,5.56,0.01
2005-07,28.63,34.63,0.21,5.68,0.01
2005-08,28.59,34.82,0.21,5.68,0.01
2005-09,28.56,34.88,0.21,5.66,0.01
2005-10,28.53,34.31,0.21,5.59,0.01
2005-11,28.5,34.39,0.21,5.54,0.01
2005-12,28.78,33.94,0.21,5.66,0.01
2006-01,28.48,34.34,0.21,5.61,0.01
2006-02,28.13,34.05,0.21,5.49,0.01
2006-03,28.12,33.33,0.22,5.5,0.01
2006-04,27.7,33.63,0.22,5.42,0.01
2006-05,27.24,34.25,0.22,5.37,0.01
2006-06,26.94,34.71,0.22,5.38,0.01
2006-07,26.94,34.24,0.23,5.35,0.01
2006-08,26.82,34.21,0.23,5.32,0.01
2006-09,26.73,34.32,0.21,5.29,0.01
2006-10,26.79,33.97,0.21,5.3,0.01
2006-11,26.78,33.99,0.21,5.28,0.01
2006-12,26.31,34.69,0.21,5.2,0.01
2007-01,26.45,34.49,0.21,5.23,0.01
2007-02,26.55,34.38,0.21,5.24,0.01
2007-03,26.15,34.54,0.21,5.17,0.01
2007-04,25.99,34.71,0.21,5.14,0.01
2007-05,25.76,34.98,0.21,5.1,0.01
2007-06,25.9,34.81,0.21,5.14,0.01
2007-07,25.73,34.84,0.21,5.1,0.01
2007-08,25.54,35.0,0.21,5.08,0.01
2007-09,25.63,35.02,0.2,5.1,0.01
2007-10,24.88,35.44,0.21,4.94,0.01
2007-11,24.67,35.65,0.2,4.88,0.01
2007-12,24.42,36.01,0.2,4.81,0.01
2008-01,24.44,35.98,0.2,4.8,0.01
2008-02,24.43,36.29,0.2,4.79,0.01
2008-03,24.0,36.51,0.2,4.71,0.01
2008-04,23.5,37.09,0.19,4.66,0.01
2008-05,23.66,36.9,0.2,4.74,0.01
2008-06,23.75,36.87,0.2,4.94,0.01
2008-07,23.41,36.97,0.19,4.96,0.01
2008-08,23.42,36.58,0.19,5.02,0.01
2008-09,24.67,36.12,0.21,5.28,0.01
2008-10,25.37,36.5,0.21,5.01,0.01
2008-11,27.1,34.41,0.23,4.53,0.01
2008-12,27.94,35.41,0.23,3.72,0.01
2009-01,29.39,41.43,0.24,3.83,0.01
2009-02,36.18,46.05,0.3,4.71,0.01
2009-03,36.16,45.52,0.24,4.22,0.01
2009-04,33.9,44.89,0.22,4.21,0.01
2009-05,32.97,43.99,0.22,4.06,0.01
2009-06,30.74,43.49,0.2,4.03,0.01
2009-07,31.04,43.85,0.21,4.06,0.01
2009-08,31.15,44.0,0.21,3.88,0.01
2009-09,31.84,45.43,0.21,3.77,0.01
2009-10,30.01,43.89,0.2,3.61,0.01
2009-11,29.19,43.06,0.19,3.6,0.01
2009-12,29.07,43.77,0.2,3.63,0.01
2010-01,30.19,43.46,0.2,3.75,0.01
2010-02,30.4,42.22,0.21,3.79,0.01
2010-03,29.93,40.74,0.2,3.73,0.01
2010-04,29.5,39.57,0.2,3.7,0.01
2010-05,29.15,38.7,0.2,3.66,0.01
2010-06,30.74,37.81,0.21,3.88,0.01
2010-07,31.26,38.21,0.21,3.95,0.01
2010-08,30.19,39.47,0.2,3.82,0.01
2010-09,30.87,39.01,0.21,3.91,0.01
2010-10,30.51,41.44,0.21,3.84,0.01
2010-11,30.77,42.98,0.21,3.87,0.01
2010-12,31.33,41.08,0.21,3.93,0.01
2011-01,30.35,40.49,0.21,3.81,0.01
2011-02,29.8,40.58,0.2,3.75,0.01
2011-03,28.9,39.81,0.2,3.64,0.01
2011-04,28.52,40.39,0.2,3.58,0.01
2011-05,27.33,40.52,0.19,3.43,0.01
2011-06,27.98,40.24,0.19,3.51,0.01
2011-07,27.87,40.42,0.19,3.49,0.01
2011-08,27.52,39.64,0.19,3.44,0.01
2011-09,28.93,41.76,0.2,3.62,0.01
2011-10,32.11,43.42,0.22,4.02,0.01
2011-11,30.12,42.18,0.2,3.76,0.0
2011-12,31.4,41.76,0.21,3.91,0.0
2012-01,31.87,40.76,0.21,3.97,0.0
2012-02,30.31,39.97,0.2,3.77,0.0
2012-03,29.03,39.1,0.2,3.63,0.0
2012-04,29.35,39.17,0.2,3.65,0.0
2012-05,29.37,38.82,0.2,3.66,0.0
2012-06,32.92,40.81,0.22,4.07,0.0
2012-07,32.53,41.06,0.22,4.03,0.0
2012-08,32.21,39.51,0.21,3.98,0.0
2012-09,32.57,40.72,0.22,4.01,0.0
2012-10,31.25,40.15,0.21,3.84,0.0
2012-11,31.37,40.65,0.21,3.84,0.0
2012-12,30.81,40.08,0.2,3.76,0.0
2013-01,30.42,39.81,0.2,3.77,0.0
2013-02,30.02,40.71,0.2,3.69,0.0
2013-03,30.51,40.1,0.2,3.74,0.0
2013-04,31.11,39.82,0.21,3.82,0.0
2013-05,31.04,40.63,0.21,3.82,0.0
2013-06,31.8,41.45,0.21,3.9,0.0
2013-07,32.85,42.8,0.22,4.03,0.0
2013-08,33.03,43.78,0.22,4.07,0.0
2013-09,33.25,43.96,0.22,4.09,0.0
2013-10,32.48,43.81,0.21,3.97,0.0
2013-11,32.08,43.94,0.21,3.92,0.0
2013-12,33.15,45.09,0.21,4.03,0.0
2014-01,32.66,45.06,0.21,3.96,0.0
2014-02,35.18,47.64,0.23,4.19,0.0
2014-03,36.18,49.58,0.2,3.38,0.0
2014-04,35.61,48.97,0.2,3.16,0.0
2014-05,35.72,49.32,0.2,3.12,0.0
2014-06,34.89,47.55,0.19,2.96,0.0
2014-07,33.84,46.18,0.18,2.88,0.0
2014-08,35.44,47.47,0.19,2.9,0.0
2014-09,37.29,48.97,0.2,2.88,0.0
2014-10,39.38,49.98,0.22,3.04,0.0
2014-11,41.96,52.72,0.23,3.23,0.0
2014-12,51.81,64.44,0.29,3.45,0.0
2015-01,56.24,68.37,0.31,3.56,0.0
2015-02,69.66,78.79,0.38,4.46,0.0
2015-03,62.22,69.54,0.34,2.28,0.0
2015-04,57.65,62.05,0.31,2.46,0.0
2015-05,51.14,57.16,0.28,2.41,0.0
2015-06,52.82,57.7,0.28,2.51,0.0
2015-07,55.84,62.38,0.3,2.66,0.0
2015-08,60.35,66.0,0.32,2.85,0.0
2015-09,66.72,74.85,0.28,3.07,0.0
2015-10,65.74,73.78,0.24,3.09,0.0
2015-11,63.8,70.4,0.23,2.77,0.0
2015-12,66.74,70.65,0.22,2.81,0.0
2016-01,72.93,79.64,0.21,3.04,0.0
2016-02,76.33,82.81,0.21,3.0,0.0
2016-03,75.9,83.1,0.22,2.8,0.0
2016-04,67.86,76.92,0.2,2.58,0.0
2016-05,66.17,76.05,0.2,2.63,0.0
2016-06,66.0,73.44,0.2,2.62,0.0
2016-07,64.18,71.29,0.19,2.58,31.89
2016-08,65.96,73.65,0.19,2.66,33.27
2016-09,65.25,72.69,0.19,2.5,33.31
2016-10,63.4,70.93,0.19,2.44,32.94
2016-11,63.22,69.29,0.19,2.48,33.21
2016-12,65.24,69.34,0.19,2.55,32.97
2017-01,59.9,63.11,0.18,2.22,30.58
2017-02,60.09,64.28,0.19,2.22,31.06
2017-03,57.96,61.39,0.19,2.13,30.77
2017-04,55.96,59.81,0.18,2.07,29.89
2017-05,56.95,62.15,0.18,2.15,30.52
2017-06,56.69,63.41,0.18,2.15,30.35
2017-07,59.39,67.81,0.18,2.28,30.62
2017-08,60.06,70.46,0.18,2.32,30.88
2017-09,58.55,69.62,0.17,2.28,30.26
2017-10,57.81,67.91,0.17,2.17,29.43
2017-11,58.12,67.64,0.17,2.16,29.44
2017-12,58.58,69.52,0.18,2.16,29.08
2018-01,57.05,68.21,0.17,2.02,28.3
2018-02,56.18,69.93,0.17,2.02,28.38
2018-03,56.37,68.91,0.18,2.1,28.77
2018-04,57.28,70.6,0.18,2.19,29.37
2018-05,63.49,76.13,0.19,2.42,31.45
2018-06,62.02,72.58,0.19,2.37,30.84
2018-07,63.14,73.47,0.18,2.41,31.8
2018-08,62.35,73.07,0.18,2.32,31.44
2018-09,68.04,79.5,0.19,2.41,32.67
2018-10,65.57,75.99,0.18,2.33,31.03
2018-11,65.6,74.42,0.18,2.33,30.96
2018-12,66.53,75.75,0.18,2.36,31.22
2019-01,67.08,76.91,0.18,2.38,31.12
2019-02,65.36,75.2,0.17,2.35,30.41
2019-03,65.89,74.97,0.18,2.46,30.82
2019-04,65.42,73.5,0.17,2.4,30.61
2019-05,64.63,72.31,0.17,2.45,30.69
2019-06,65.38,72.84,0.17,2.43,31.19
2019-07,63.05,71.4,0.17,2.41,30.87
2019-08,63.42,70.74,0.16,2.53,31.16
2019-09,66.62,73.17,0.17,2.64,31.64
2019-10,64.64,70.72,0.17,2.67,31.13
2019-11,63.77,71.19,0.16,2.57,31.1
2019-12,64.41,70.97,0.17,2.69,30.55
2020-01,61.91,69.38,0.16,2.61,29.35
2020-02,63.14,69.6,0.17,2.52,29.55
2020-03,66.33,73.42,0.17,2.68,29.69
2020-04,76.41,82.63,0.17,2.8,29.72
2020-05,72.73,79.12,0.17,2.7,30.18
2020-06,69.71,77.64,0.17,2.6,29.02
2020-07,70.44,78.99,0.17,2.64,29.21
2020-08,73.43,87.29,0.17,2.65,30.09
2020-09,73.8,87.83,0.18,2.68,27.79
2020-10,78.78,92.43,0.18,2.78,30.07
2020-11,80.57,93.76,0.18,2.82,30.3
2020-12,76.2,91.2,0.18,2.67,29.46
2021-01,73.88,90.79,0.18,2.61,28.52
2021-02,75.51,91.54,0.18,2.69,28.82
2021-03,74.04,89.45,0.18,2.65,28.43
2021-04,75.64,88.75,0.18,2.72,28.85
2021-05,74.85,90.58,0.17,2.7,29.24
2021-06,73.3,89.38,0.17,2.67,28.97
2021-07,72.72,86.51,0.17,2.67,28.75
2021-08,73.02,86.77,0.17,2.72,29.27
2021-09,73.28,86.67,0.17,2.73,29.27
2021-10,72.66,84.31,0.17,2.73,29.01
2021-11,71.09,82.17,0.17,2.7,29.12
2021-12,74.89,84.82,0.17,2.74,29.43
2022-01,75.13,85.13,0.17,2.73,29.1
2022-02,77.47,86.5,0.18,2.71,29.84
2022-03,93.56,104.48,0.19,3.1,33.93
2022-04,83.41,92.49,0.18,2.82,28.34
2022-05,69.42,72.78,0.16,2.35,26.63
2022-06,61.61,62.74,0.14,2.08,23.91
2022-07,52.51,54.64,0.11,1.78,20.46
2022-08,62.05,63.25,0.13,1.68,23.36
2022-09,60.24,60.21,0.13,1.63,23.58
2022-10,55.3,52.74,0.12,1.5,22.3
2022-11,61.62,61.12,0.13,1.67,24.89
2022-12,60.88,63.05,0.13,1.65,25.03
